20 0.392992 0.117696
40 1.057376 0.138464
60 1.586528 0.136800
80 2.282880 0.160256
100 2.644832 0.170528
120 3.183424 0.171488
140 3.689120 0.195296
160 5.541600 0.192224
180 4.787232 0.204384
200 5.290112 0.214976
220 5.840704 0.216640
240 6.719296 0.229088
260 6.855840 0.257952
280 7.428480 0.262496
300 7.926432 0.280704
320 10.828608 0.284736
340 8.966272 0.364064
360 9.601568 0.374560
380 10.146752 0.378464
400 11.090560 0.403680
420 11.111904 0.413824
440 11.741120 0.413632
460 12.215872 0.434112
480 15.900224 0.416672
500 13.212864 0.454528
520 13.822144 0.768160
540 14.405888 0.767680
560 15.494240 0.775968
580 15.377920 0.778464
600 15.940576 0.789536
620 16.598751 0.795520
640 21.298016 0.795872
660 17.462944 0.850560
680 18.023392 0.860352
700 18.566977 0.866816
720 20.002657 0.879712
740 19.593409 0.884832
760 20.329824 0.884768
780 20.635937 0.941024
800 25.571009 0.912992
820 21.629633 0.968480
840 22.335936 0.971904
860 22.825537 0.976384
880 24.345375 0.981920
900 23.782688 1.036704
920 24.479839 1.048064
940 24.891232 1.053280
960 31.419392 1.060608