20 0.168832 0.032640
40 0.458304 0.030048
60 0.690112 0.031616
80 0.949280 0.035968
100 1.149152 0.043456
120 1.384576 0.037280
140 1.604480 0.048800
160 2.014976 0.046944
180 2.068384 0.048224
200 2.301536 0.048288
220 2.519648 0.048896
240 2.818112 0.052352
260 2.968960 0.060992
280 3.210208 0.063104
300 3.430624 0.062848
320 4.019456 0.066400
340 3.895456 0.064224
360 4.158880 0.068544
380 4.395360 0.066848
400 4.699264 0.081120
420 4.833216 0.083296
440 5.087488 0.088768
460 5.307072 0.091680
480 6.070208 0.085792
500 5.746176 0.097568
520 5.991808 0.119200
540 6.245344 0.118976
560 6.587232 0.118944
580 6.698784 0.127040
600 6.935680 0.127872
620 7.218368 0.127264
640 8.101952 0.132480
660 7.626016 0.138976
680 7.849088 0.137216
700 8.100896 0.137248
720 8.496416 0.146432
740 8.537760 0.151584
760 8.825088 0.149472
780 8.997120 0.205728
800 10.005440 0.201152
820 9.422240 0.218144
840 9.733280 0.218496
860 9.957024 0.218688
880 10.345184 0.215296
900 10.381728 0.226848
920 10.655776 0.227648
940 10.864416 0.229344
960 12.124352 0.230624
980 11.345312 0.237440
1000 11.577664 0.244352
1020 11.742048 0.241568